FileName			bIsWireframe	x	y	z	postX	postY	postZ	Scale	R	G	B
Begin
Ground_XYZ_Rot_Y_is_up.ply 	0 		0.0 	0.0 	0.0 	0.0 	0.0 	0.0 	1000 	0.54 	0.27 	0.07
dragon.ply 			0 		60.0 	45.0 	-15.0 	0.0 	-1.5 	0.0 	100 	0.0 	0.0 	0.54
dragon.ply 			0 		-15.0 	45.0 	-70.0 	0.0 	0.0 	0.0 	100 	0.54 	0.0 	0.0
dragon.ply 			0 		15.0 	45.0 	70.0 	0.0 	3.14 	0.0 	100 	0.0 	0.54 	0.0
house.ply			0		60.0	22.0	0.0	0.0	-1.5	0.0	75	0.54  	0.0	0.0
house.ply			0		0.0	22.0	-60.0	0.0	0.0	0.0	75	0.41 	0.41	0.41
house.ply			0		0.0	22.0	60.0	0.0	3.14	0.0	75	0.15	0.15	0.15
palm_tree.ply			0		-60.0	0.0	100.0	0.0	1.5	0.0	100	0.0	1.0	0.0
palm_tree.ply			0		-60.0	0.0	-100.0	0.0	4.6	0.0	100	0.0	1.0	0.0	
low-poly-chest.ply		0		20.0	-2.0	0.0	0.0	0.0	0.0	10	0.82	0.41	0.11
highelf_female_15.ply 		0 		0.0 	-2.0 	0.0 	0.0 	0.0 	0.0 	10 	0.51 	0.51 	0.51
highelf_female_15.ply 		0 		5.0 	-2.0 	10.0 	0.0 	45.0 	0.0 	10 	1.0 	0.38 	0.27

Camera				-300.0	2.5	5.0
eof